1 0.8938935912938332 0.12863247863247862 0.07920193470374848 0.10512820512820513
1 0.5831318016928657 0.1388888888888889 0.06711003627569523 0.1205128205128205
1 0.9023579201934704 0.4393162393162393 0.05259975816203144 0.09914529914529913
1 0.7079806529625151 0.4461538461538461 0.058041112454655375 0.11965811965811962
1 0.5785973397823458 0.46111111111111114 0.051995163240628806 0.14786324786324784
1 0.7935308343409915 0.5042735042735043 0.07194679564691653 0.1367521367521367
1 0.6686819830713422 0.7192307692307692 0.025392986698911768 0.11880341880341883
1 0.9253325272067714 0.8418803418803419 0.027206771463119783 0.1384615384615384
1 0.6284764207980653 0.7645299145299145 0.04655380894800487 0.22649572649572647
1 0.4114268440145103 0.13333333333333333 0.06590084643288996 0.1111111111111111
1 0.33343409915356714 0.12222222222222223 0.040507859733978246 0.09230769230769233
1 0.19316807738814995 0.13846153846153847 0.028415961305925025 0.09572649572649573
1 0.07587666263603385 0.14743589743589744 0.04655380894800483 0.1017094017094017
1 0.34099153567110035 0.37094017094017095 0.054413542926239455 0.11282051282051281
1 0.05562273276904474 0.8452991452991453 0.012091898428053208 0.05128205128205132