1413 89 1544 89 1544 212 1413 212
909 92 1020 92 1020 233 909 233
1449 456 1536 456 1536 572 1449 572
1123 452 1219 452 1219 592 1123 592
914 453 1000 453 1000 626 914 626
1321 517 1372 517 1372 610 1321 610
1253 513 1301 510 1311 665 1263 669
1091 772 1127 772 1120 911 1085 911
1508 904 1553 904 1553 1066 1508 1066
1001 765 1066 762 1078 1024 1014 1027
626 91 735 91 735 221 626 221
518 89 585 89 585 197 518 197
296 106 343 106 343 218 296 218
87 113 164 113 164 232 87 232
545 371 581 368 587 471 552 475
82 959 102 959 102 1019 82 1019
